  1.000000000000000E-002  0.000000000000000E+000
  0.513081761006289       3.933076186468483E-004
   1.01616352201258       1.127352514189364E-003
   1.51924528301887       2.039526120881768E-003
   2.02232704402516       3.080164386846182E-003
   2.52540880503145       4.222377468711075E-003
   3.02849056603774       5.406379838639880E-003
   3.53157232704402       6.595525950280424E-003
   4.03465408805031       7.851030199348862E-003
   4.53773584905660       9.335246686211171E-003
   5.04081761006289       1.128830062958182E-002
   5.54389937106918       1.406554084283888E-002
   6.04698113207547       1.818804708884683E-002
   6.55006289308176       2.433756984145585E-002
   7.05314465408805       3.327442964468681E-002
   7.55622641509434       4.552252505094592E-002
   8.05930817610063       6.072990849962495E-002
   8.56238993710692       7.733891488962538E-002
   9.06547169811321       9.358367134311597E-002
   9.56855345911950       0.109013760916450     
   10.0716352201258       0.122661493575386     
   10.5747169811321       0.125650442076108     
   11.0777987421384       0.127842620227413     
   11.5808805031447       0.128445677656728     
   12.0839622641509       0.127304785784554     
   12.5870440251572       0.125253312955669     
   13.0901257861635       0.122851743541450     
   13.5932075471698       0.119691705286039     
   14.0962893081761       0.115667692804766     
   14.5993710691824       0.111879435740522     
   15.1024528301887       0.109305916914936     
   15.6055345911950       0.107589432444429     
   16.1086163522013       0.105623243818273     
   16.6116981132075       0.102851644714515     
   17.1147798742138       9.935074006130762E-002
   17.6178616352201       9.540692055535600E-002
   18.1209433962264       9.193060122423488E-002
   18.6240251572327       9.010339286217285E-002
   19.1271069182390       8.984818661315162E-002
   19.6301886792453       8.907491703008555E-002
   20.1332704402516       8.506760663018699E-002
   20.6363522012579       7.744133496660285E-002
   21.1394339622642       6.903579013769214E-002
   21.6425157232704       6.360221820121452E-002
   22.1455974842767       6.348810578793956E-002
   22.6486792452830       6.935025516062519E-002
   23.1517610062893       8.072376237322479E-002
   23.6548427672956       9.683705752218684E-002
   24.1579245283019       0.117890541327301     
   24.6610062893082       0.145381049347519     
   25.1640880503145       0.180057143013381     
   25.6671698113208       0.218829433077286     
   26.1702515723270       0.254856674241078     
   26.6733333333333       0.281987158554461     
   27.1764150943396       0.298095103230241     
   27.6794968553459       0.304831059361005     
   28.1825786163522       0.306596489593027     
   28.6856603773585       0.310668323142290     
   29.1887421383648       0.324895437003827     
   29.6918238993711       0.353445003876348     
   30.1949056603774       0.393740998821608     
   30.6979874213837       0.436535702760285     
   31.2010691823899       0.470350165608649     
   31.7041509433962       0.486815709956095     
   32.2072327044025       0.481198309729744     
   32.7103144654088       0.449714517610636     
   33.2133962264151       0.392395367543035     
   33.7164779874214       0.318356528116269     
   34.2195597484277       0.241585829195825     
   34.7226415094340       0.172844914946839     
   35.2257232704402       0.118326206204277     
   35.7288050314465       8.029845877445264E-002
   36.2318867924528       5.671293940761445E-002
   36.7349685534591       4.300847257672782E-002
   37.2380503144654       3.488449597070407E-002
   37.7411320754717       2.943021376818170E-002
   38.2442138364780       2.508397114191682E-002
   38.7472955974843       2.123953497981618E-002
   39.2503773584906       1.782744865642890E-002
   39.7534591194969       1.504138888311255E-002
   40.2565408805031       1.307678801135491E-002
   40.7596226415094       1.192720695905080E-002
   41.2627044025157       1.138248121674314E-002
   41.7657861635220       1.114015994668718E-002
   42.2688679245283       1.090409611484116E-002
   42.7719496855346       1.042297554320672E-002
   43.2750314465409       9.529011322991731E-003
   43.7781132075472       8.273335142619272E-003
   44.2811949685535       6.977565995533158E-003
   44.7842767295597       6.018046943342574E-003
   45.2873584905660       5.596386109080034E-003
   45.7904402515723       5.716869865135535E-003
   46.2935220125786       6.245339557566369E-003
   46.7966037735849       6.937147781953960E-003
   47.2996855345912       7.446198836795109E-003
   47.8027672955975       7.402191353420867E-003
   48.3058490566038       6.647174387245642E-003
   48.8089308176101       5.418794851118429E-003
   49.3120125786164       4.164004023563803E-003
   49.8150943396226       3.191150678425815E-003
   50.3181761006289       2.569421967937750E-003
   50.8212578616352       2.235695040597277E-003
   51.3243396226415       2.089514220112590E-003
   51.8274213836478       2.029246366521419E-003
   52.3305031446541       1.972072654520347E-003
   52.8335849056604       1.873108052021802E-003
   53.3366666666667       1.725351232022494E-003
   53.8397484276730       1.535094798178831E-003
   54.3428301886792       1.306413599287249E-003
   54.8459119496855       1.051403195054396E-003
   55.3489937106918       7.994003189773291E-004
   55.8520754716981       5.852629058928940E-004
   56.3551572327044       4.279083206556118E-004
   56.8582389937107       3.246523087499416E-004
   57.3613207547170       2.608557451235239E-004
   57.8644025157233       2.204586851622207E-004
   58.3674842767296       1.918519574705404E-004
   58.8705660377358       1.691802468246499E-004
   59.3736477987421       1.501978091557737E-004
   59.8767295597484       1.334441263576877E-004
   60.3798113207547       1.176508156096740E-004
   60.8828930817610       1.021019345623557E-004
   61.3859748427673       8.686710153045808E-005
   61.8890566037736       7.256695536350358E-005
   62.3921383647799       6.008934188721781E-005
   62.8952201257862       5.024128272465465E-005
   63.3983018867925       4.340270422873774E-005
   63.9013836477987       3.922329054442171E-005
   64.4044654088050       3.656831595848028E-005
   64.9075471698113       3.403703053092032E-005
   65.4106289308176       3.092109102262996E-005
   65.9137106918239       2.762881210830039E-005
   66.4167924528302       2.487672181682764E-005
   66.9198742138365       2.293074763578394E-005
   67.4229559748428       2.167921850138205E-005
   67.9260377358491       2.094038627432607E-005
   68.4291194968553       2.049865847193995E-005
   68.9322012578616       2.002136383885259E-005
   69.4352830188679       1.923950833493070E-005
   69.9383647798742       1.838242221276349E-005
   70.4414465408805       1.820488748612491E-005
   70.9445283018868       1.953320076919754E-005
   71.4476100628931       2.281885069465664E-005
   71.9506918238994       2.774061595521936E-005
   72.4537735849057       3.288526644956617E-005
   72.9568553459120       3.651665658583620E-005
   73.4599371069182       3.837842655933278E-005
   73.9630188679245       4.029622350916084E-005
   74.4661006289308       4.506496226513005E-005
   74.9691823899371       5.544357896725815E-005
   75.4722641509434       7.324854063968505E-005
   75.9753459119497       9.803139468867627E-005
   76.4784276729560       1.275391628500901E-004
   76.9815094339623       1.598006262876483E-004
   77.4845911949686       1.939136276725635E-004
   77.9876729559748       2.296570081612206E-004
   78.4907547169811       2.670638441653063E-004
   78.9938364779874       3.062203142577797E-004
   79.4969182389937       3.472003739902576E-004
   80.0000000000000       3.900532628109096E-004
